52693579221
51970236897
52694458670
52854429371
52506653199
52284399003
52707650050
52507601885
52491695199
52662430420
50441375143
52855248643
52299176445
52501205970
52634929812
52650487625
52704785940
52718160545
50913697195
44226328692
52805686243
52674429595
52677821139
52651223612
52867642899
52168359082
53057601656
52654359233
53063073603
52653159506
51335880492
53042883846
53060537826
51958924715
52584581782
52303951349
52808552327
52233597848
52689563998
52841335093
52488535657
52491356499
51288446028
53040284139
52288550231
52704402250
52649623799
52660838600
52529184515
52188341063
51064160447
52529728140
51193608797
52501517548
52659037059
49209887469
52684114625
52702345991
52846358881
51298058520
52865067348
52711737672
51918939586
52853113840
49233120066
52860788823
53073696647
52850285675
51242151132
51602769431
52853900582
51398169285
52695554848
50009809378
52666093982
52299215521
51884709136
48773244254
52667301102
52652715767
52876625933
53045986971
53071712719
52430322263
52083909568
51040889638
52497997481
52882440187
52683035868
52841070079
52691235734
53047210948
53049192282
52700266335
52297719773
52876817869
52709808747
52205031836
52838319384
52293990843
50288044624
52518858539
48600863468
52242046440
53063985487
52876705836
52202127347
52879273243
52839815187
52722712031
52519104496
52721440499
52833033928
52510164915
52838927572
52630589819
51298623934
52669109584
52297214809
52848309743
52667910148
52478183922
52533192244
52483612293
52643675221
51448501629
52698002410
52844686794
48285659488
50694166385
52657398803
45680355958
52873562180
52711025425
48345736454
52862596850
52855901132
52268606567
51913046887
52155931657
52708897500
49733028579
52529368459
49621339807
52646935786
52854243900
52685508317
51582297562
49316529072
53067352836
52297999757
52658974696
51278132893
52472560335
52832794726
52503360634
52229642361
52711321511
53063537524
52717960899
52506917375
51578286234
52580183218
52660278745
52151554259
52671973442
52699738484
52136808484
52682452416
52846142788
52367319999
52496942360
52662382166
52673693642
52522825920
52101013643
52300759534
51789823002
52230672981
52679357014
44716401984
52123538161
46587798053
52691578648
52302199681
52677468821
52498462029
52663541946
52880704540
53048067151
52863316774
53059385873
53043969459
51240333999
53041819775
52701170519
42528165792
46974230913
52690819248
52704049957
49054027013
52864556448
45383103054
52666053351
51382917086
52679676821
52705281642
52505157295
52868578478
52862748850
52504803144
52670021511
52439326746
53043432379
52698978687
49411314209
52253464499
52471060886
51736311422
53067257219
52499382131
52300959686
52622124709
52516810627
52858205445
52530584537
50326727456
52448782172
52681316741
51747150935
51818391400
45384707926
52492510690
51752119612
45253392353
50961196703
52847046290
52635943135
52610351250
52515883691
52491015233
49895414360
51766201510
52853469236
52508540533
52700234569
52694243120
53060793761
53051066251
53046971248
52708841570
52678364624
52682292468
52842767392
52807144363
52674889135
52491236687
52405277027
42013866248
52697442812
52861947600
53043315296
52537472031
52509284727
52256431394
52518474600
52299471499
52477391803
52500453900
51275289964
52712617571
52845594288
52510813144
45231152499
52854085531
52560979977
51696740872
52454058328
52876793939
52484279287
51273956883
52299335617
51229089252
52695850922
52511260885
52509604973
52878440800
48291856120
52818250414
52522496746
53057370000
49623009791
46166942972
50319379501
52642783967
51181444877
52690347897
52529952328
52685236211
52499845586
52880880328
52840311290
52704698342
52677949188
52619012908
52209543726
53044675370
44450763080
52663237105
53056674090
52712641331
52520376027
10731739576
52594943745
52281629481
52874609887
52687844363
51964219936
47323694589
52711065350
52706721000
52697498390
52657638655
52634852379
49158177846
51803557079
52519160345
46902520422
49235468934
50789719092
48745567592
52663526441
52715473445
52683123703
52505805520
52302215430
53067185158
52345350996
51562907398
51717230820
53042403695
52660646549
52650444796
52464221529
52507245244
52254051832
52715129208
52664645233
52154346872
44940952029
52825799096
53063912288
52681724782
46519114151
51973361490
25585406764
52675613425
49501655874
52524377746
44438163227
52700202569
52824428581
52272853209
52660606621
50723386729
52848541579
52087870779
52295759676
52697067016
52839926681
52807592136
52524096942
52525288615
52601126772
47351742240
50830674642
52679810341
52341391793
52846749330
51669373720
45780313713
52498798056
52295599699
52681236620
53065880650
52597582768
51985175677
53056354199
52869641844
52062842029
52708305831
52707465859
53041483725
52270352699
53053753965
52473431924
53068625178
52658774418
53065017192
51816929717
50748351147
52236366430
48349959222
52303623022
52489351033
52864212146
52288047092
52661909492
45786027980
52673811314
51211538314
51235658632
52486591651
52703698341
52465573214
52298087776
52688804127
52828210047
51265749629
53045771111
52874506213
50126525070
52610581196
50841947079
48062001702
53059049830
52427062894
52704274301
52515299686
52508005478
52508341368
52722896035
52860836524
52575181842
52688588132
48285497062
52850106179
52819534003
51668460974
52641975594
52885600150
52663854354
52599898902
52475978639
52496630330
52666138775
52515883349
52456693288
50296017947
52642045908
52871282143
51224125198
52645655988
52517354219
50812365686
52681714329
51407228787
52663318447
49502024503
52499752689
52511528338
51949381764
52694683119
51771845516
52835440019
52662971574
51263311430
52705354057
52485575716
52295221826
52565697690
52864180292
52639591097
52140289143
52648231734
52843605680
52872761857
52678301327
51793329286
44352855222
51788800594
50697749040
52242988405
48452947791
52662206189
52708977558
49230502050
52864644248
52840799419
51427470988
52650287673
50747194542
52268234184
52880792157
52300367083
52696042918
53072696376
52865282722
53067217123
52867522724
52491759199
52644495814
49802521793
52653806859
52653175217
52850949786
49995722228
48546328857
52303670580
53062497561
51485870027
52702194270
51816263978
53070321022
52465248646
52868969975
53056650124
52854301610
52427722066
52645365175
52837615095
52689266628
52512332539
52158311345
52882544174
52720176034
53042083872
51426013070
52514684287
50481527692
52842551274
52693195375
52698066369
52519898347
52458943396
9004588438
52874785978
52703193742
52517434065
52137863162
52692665336
51021569049
45778091946
52676029416
52523738064
53061681640
53064665435
49408791399
52689172022
52502333390
52295127791
52227222591
49479101999
52505941494
44335692711
52876273891
52489027444
52851885664
49228969473
52496014242
53049203083
49136674149
52659565909
51901417896
52877608488
52495433244
53048579121
52680252598
52429815420
52002503706
52853053031
52659038706
50738915582
53057761952
52483207949
52570799446
53053482148
48722489231
52474610104
50838870266
52666132228
52649278906
52296375568
51823264525
52699281317
52671237627
52465830694
53061472898
52839151217
52671373720
52528880315
52869618499
52707234026
52708377700
52297061158
51902005425
52832726000
52700242402
52846501896
53066921228
52580934469
52485791673
52184876981
53044906572
52498937887
52663358400
52645919562
52450454293
48527252111
52877608124
52496374271
52290106337
52665734334
51281985901
52686668308
46088668754
52497990262
52265847351
52663822141
52501717824
52253133793
53072704640
52852501071
52705642135
52874306007
53049035131
52840863360
53047995185
50581594295
42044411902
45306049550
53047115231
52859196935
50255932101
46584672857
52299951410
51806279197
53064193246
52061442299
52702322254
52520208184
52695882301
52490927135
53053938347
52358591941
51672718561
52493342273
52874985885
53041987182
52523936276
52885688003
52504261316
49767745851
52673379870
48035886740
53050914883
52300061292
47218887478
50988653068
52818190006
52851597982
53063336880
52653055126
53040051212
52858701088
52870682183
52300599504
53056345347
52853781021
52872010298
52483994197
51032053966
52830292292
52694131036
52532760112
52514195697
52873090199
52200470058
52272983817
49236301807
52676269287
52713897394
52706584680
52450269313
52658110637
52866082945
51034726168
52518754396
52655303091
52869218738
52854932444
52809317367
52032059350
52256521487
50798999412
53057481757
52476988692
51850341867
52529792427
50751749574
52664774189
52283679778
52813069003
52504789523
40473087655
51930572512
52237503438
52652974876
53054258204
52688652082
52855245343
52659870256
52444418004
48380439216
52270439514
52696810547
52369173868
52864668189
52252746375
52680852466
52640398073
52657934836
52837679780
52522538132
52879848790
52668971760
52666573753
52639213655
51426725442
52714200714
52629257491
52697098889
52501190121
52688259216
52482038049
52644223465
53047250225
52680460974
52642603488
49131727335
53060921375
52521705910
21910875747
52610348230
52502933717
51258306993
48805171446
49321409127
50566582782
52500701381
52659702523
52865376165
52664516956
52493719150
53061993674
52711321561
52702914147
52667686030
52699754494
52290447877
52252220150
52496262520
52646983934
52878665092
52711737431
52649587440
52519081346
52156015987
52175033460
52680861024
51916186847
52656062807
53074624279
48932181054
52655366853
45507588917
52659950670
52666053102
53040596077
53062505305
53047458859
52160985790
52667573871
48075332594
52233670764
52680500976
52852509880
52495230532
52457485962
52299231490
49735944410
50112731025
52845254879
52695954843
52671093926
52846118741
52687195632
53042147809
51872017557
53051362737
51120506517
53061137037
52365826439
52815324593
52695378922
52297759752
51621495277
52825785769
52865027045
52498566026
52033006098
53055768699
52572413527
49705114917
52292790463
52527336412
50813461510
52479957740
51050846000
52678765028
52641943935
53046530546
52664787942
53048643194
51273473670
48308688341
52662301605
52617290490
52646735869
50436630878
52852853091
48485254246
53051185289
52878384521
50570182540
52579646627
52696970350
52534616262
53042843336
52870722062
50813989430
52647684717
50561219200
52656678652
53053914422
53045091326
52677340990
50278142186
52450055605
53053394219
52700730616
51447420322
52503613780
52485789171
52341982099
53069832679
53056793527
52697264475
52851133283
52691282655
52648792504
50835156358
52577541558
45814839782
50339436623
52469407424
49843948539
53049682883
48567884053
52692601590
52700690470
52856485437
52685836398
52176187773
52699338559
52667981856
52497730835
52636863462
52294519872
52706090123
53065169365
52829511845
52645429541
50949757276
21020148825
52431703282
52527321796
52673917430
52819111500
53061249394
51167916890
53050578869
52518034116
53051177052
52264689783
53047640927
52503901433
52663725060
52822709114
52659766694
52636743443
53045019473
52487167237
52509114480
52248885980
52586559866
52862524293
52716024935
52480567811
51241056293
52883048161
52717352490
52658102927
52849901876
52714305039
52485758387
52290423470
52053155699
53046370938
52838290729
50062904285
52677749141
52300415464
51507334121
52493774528
50990881955
52860388793
52488671605
52847686496
52831610042
51626492391
52604127798
52858580591
52296900666
52487079596
52696003239
53048851026
52664206226
51766745782
51565305471
52420938269
52607061201
52700177602
53068416734
52849733829
52860565098
52641015342
52465495878
53051890245
52643542655
52854341228
52875424850
52515346997
52127896475
52686218935
52298015347
52833375510
51692271493
53070520849
52848966241
52871648796
52666678090
52673637427
52846181780
52685268396
52645433996
52843262895
52878065750
50493854833
52584615893
52442602308
52514466798
48833366797
52528752338
52673981209
52516450629
52685028523
52669941557
52868240514
50587415339
52831138737
52708393913
51601435872
52373262688
52529152433
52865578548
52662613385
51787400629
53042362876
49052127946
52512683688
52669345734
48405846660
52489295023
49523710598
52513952419
52872258102
52851141780
51965364478
50677750489
47608057361
52277511869
52869105808
51626019836
50831143497
52472365763
52289807788
52651375567
52032393727
52658550716
52301070094
53042635430
52693107100
52516370499
52681212832
47974395808
52533200042
52299447462
51317374307
52277622561
52510132729
52301502223
52646847774
48698440579
53061497126
51649734716
52286015825
52499189973
52866730350
52625504593
52660392741
52251938894
52655958874
52650119537
52697474710
49889958996
53056353880
52234535611
48487444117
51213517985
52637158065
52653830773
52456777042
53058176938
45496507777
52808116528
51055389979
52656389992
52667676985
52718464730
53064632647
52520018311
52862460293
48357200604
53054385995
53046867344
53060073660
52493230050
53049153804
10833682508
52683563594
53047571232
48443587232
52653487015
52882360247
52221692795
50302373657
52644037786
53059505803
52460891348
52488207329
48257497562
52666477924
52704834269
52050363720
53052841025
53062801068
52692675630
49014339235
51700517278
52695962716
53075592337
53045402691
52712385682
45486114078
52684939644
53069800769
52521890237
53072472669
47596900612
47221992834
52028975921
52699938682
52665502364
52287670656
52686436013
52298614360
52294559932
52657486606
52508849042
52216166682
52656102821
51941943233
51096359393
52226642647
52512978531
53066137071
53061321592
52672093492
53069945025
52162570467
52853541098
52004220405
52846581376
52051328347
51023834999
53042920283
51783665348
53049658986
52673675429
51813302985
52862386018
52690402776
53042035885
52640231997
52653247475
52585696718
52817564695
52511331150
52684940350
50351175530
49406405846
53059297777
50586480712
50816225037
52424142869
52696936922
45207021069
52491503394
52530472477
52836879589
52258501716
52875617804
51120335884
52672477437
52300998800
52517600336
52650183440
52158413771
51806957043
49149855430
51304175008
52707001840
52491029422
52870242303
52684724243
52173393315
52514539295
50207166222
53073776340
52114267826
52847332699
26984463269
52680324893
52714513328
53068481104
52656135050
53053418232
52063830750
52638043348
52295639407
52506285531
52290522020
52653575299
52840671357
50772989291
52699354492
52676581179
52682748395
52870768698
52885312199
52017735999
52692547317
52875426026
52856461444
52720672247
52855770398
52707930120
51283148950
52506005374
52646791888
52866562630
52486135746
52504093868
52147305643
53058617948
52722032066
52679476892
52194117292
53060905746
52694459320
9159218236
52682116539
51966075718
52321082640
47436275989
52530992260
52572887269
41146604907
49159171136
52844750766
52848846134
50917967421
52861788842
51798401458
52054218083
52008629805
52685851763
52179869694
51195373563
53069625015
52860788990
52497637424
52303222922
52681788432
52665821813
52488429959
51930849769
52717585195
52664038427
52695297451
47827756409
53067009022
51750535720
52132708748
52861092965
49857677775
52381899545
52668077762
50424482912
52693675148
52510346564
46507001470
52837878834
52858533131
52503533723
52293079672
51907730083
52835319950
53053826227
52692203419
14048290614
52816061435
44112335102
52649703145
52650335559
51542393416
13774430765
52639709144
49857089073
53052826092
52678332921
53056266149
53048555140
7245308574
51422294933
52654239297
52300383639
52604180886
46452831789
52701338351
51287613023
52438567623
52853973573
52709401580
53047299242
53045202829
52862300344
53041547872
48535602712
52526752421
52870338283
52844894900
52858194318
49078184953
52506682227
51700336844
52297367979
52494254900
52857517244
48424626824
52474201963
53041203769
49598491855
50663539686
52700250020
52281286249
51663513035
52478277169
52672877484
4795824616
52169717477
51255442064
49927016156
52216347347
52836863046
52235383900
52834151735
52508403145
52168130049
51961422979
52501765416
52494534339
52634743755
43224738464
52861429064
52818653618
52475879442
50748343090
52815487570
53060681201
52642670920
52499006010
52842526942
52699650458
52298047818
52657550896
52839575436
52668228637
52832741477
52810169397
52716776779
52845356837
52290094781
48206574669
52855741326
52320704150
52682571999
51768999283
52700290082
52672149265
51683648094
38086223974
52700858010
52655047135
52669259985
51496705632
51317735222
44412678353
52856885395
52594669254
52635727690
52854061110
52342793942
52690354741
50679174311
50685961263
52652222274
52679804990
23305476934
52710961319
52510096447
52689794122
52488143132
53041363850
52866810800
48987193660
52568740751
52474106377
53047907170
52585991719
52500205811
51066095483
52486254945
51432830898
53051786585
49363645780
52588547694
52287986336
8502992074
52845365391
51768074838
52633273547
52295246422
52449769044
52501108434
53072496184
51803612988
53057833495
52484831784
51245986431
52503789837
50722083937
52718984724
52251294533
50307172341
52705784780
52495526022
52825746261
52682876522
52533288026
52298303557
52673020345
52861284539
51278249864
53054082170
52376233141
49111119022
52715905218
52661589657
52854285243
52695034509
46468832670
50756461471
53060489559
48966335188
52519218528
52302111407
52520970230
52827661908
52411811100
51403764568
52655846625
52656411697
52835223083
51636548571
50747774956
49356830467
52832906168
52645743566
50083900226
52696074666
52290271763
52667977924
51245255161
52832697832
49563980032
52840742649
52853765620
52846270080
51861173166
52842679241
52860397025
52507893091
52294911914
45541110130
52004287035
53059833113
53055057225
47775560729
52521450527
52515465929
52257130143
52663653109
52845238783
52676801912
51229396827
53051850557
51647977243
50665172696
52713137620
52869418395
53075688100
53058049104
52579845224
30869056831
52858717285
52855781570
8582776832
52642774990
52298780794
51583465826
52711553032
52693722602
52860397046
52714105586
52869874111
45003924724
52886312043
52870594305
46973463570
52679293175
52137781963
52502501353
52019372490
52530288344
52839279567
52287926914
52517905295
51780545171
50134102565
52676933297
52877113840
49847974021
52530720390
31384039446
52533736066
51648576473
52238237285
52401551782
52480599968
50807121458
52501517942
52616860754
52530920482
52838183679
52296719665
51911815799
52519026577
49822644381
53045355444
52651864481
48913150067
50967197656
52528848742
52229915199
52507461171
51947464699
52874298150
52849690243
53069904192
52495230797
49737158709
52264165280
52704241841
52853373800
52850537766
52177670157
52848381679
52495118872
52486039900
52511388786
52302678892
52486598438
47413463592
53070520494
52480503947
51185558588
49543324353
52702250134
52613252317
51787401720
49977739859
52628157173
51143111536
49506274805
52296447672
53060617670
52017769642
50378370196
52698138081
50966150067
52486626210
39168748567
52489935399
52228287185
52670869876
48407714878
52860741048
52858093032
52515505889
51748267720
52687412143
52857876762
53040588091
53068513031
52824759721
52649943585
52859949103
51844268617
52846765783
52269386258
53054610280
51437582521
52519186549
48766912576
52842695233
52845157382
52821012333
52490599132
52668894020
52493351062
52673853586
50139745260
51985691991
52669714056
51568685949
52613679453
52864340000
52537120020
52644711982
52858642647
52866746947
53072896279
52697714803
48903573489
52388820986
53065945201
52360444388
52713945455
52280900039
51179978587
53043323728
52511834203
51201478609
53045339335
52250822398
44261559183
49484071516
52520498311
52494535049
52501149369
52479183967
52640572955
52661841431
52661742478
51748302941
52854133623
52484175895
53054329209
52364133398
53062849423
52673189420
52531528175
52864251999
52496726442
52483765777
52659110286
52636078420
51223691777
51782433926
52473196336
52856893211
38517285245
11920777960
51937423403
53061201603
52668749568
50310085106
51884037869
52659398669
52652031441
52719344897
52712905595
52486679026
52654174911
52259981350
52883144264
52848973859
24245973586
52838119679
51852229976
52858564746
52485589249
52533360135
52519562417
52597351048
52663262152
50323740134
52495910277
51177067771
52483709224
53041515698
52663429688
50981541323
52674349528
52670389657
52714945194
52871490108
50841973298
50213376790
52676837170
52519930218
52491359395
53043435799
52508746742
52486326020
52692603736
52843050148
50368883483
52663865817
52581074078
52651886896
43646521252
52848438138
51223445460
51007820592
52488895310
50220521983
52504877593
52714641298
50700610680
52689147315
52480069794
52177222240
51194695073
52870713839
36002734484
52508541397
52484311879
52481599975
52679716995
49201182180
52826894049
51647844659
42916042880
52688371830
52652112710
52712553641
52664206358
53057106001
52508228891
52468568338
52627898498
52692347466
53066609119
52848070028
53049946397
51185307732
52466061298
48887208748
52587738895
52673677542
52855093172
52715905119
52853453564
52666430033
52513068343
51007431435
52712377094
52669213820
52875641990
50114475677
52495238900
47894698691
52702082324
52298254050
5829027753
52863252046
52295215677
51576337948
52701626399
52466982943
53073952383
48155135301
52688659833
52500365826
52662006560
21624756532
52016341187
47900397688
52661670278
52531816390
51786539914
49152050121
48761451264
52868234740
52140414191
48850652595
52650071413
44784397847
52850237195
52847662494
48412912390
52665214213
52517010322
52589166895
51779748396
52484727844
50329390364
51260328790
52842631233
46273161794
45011660725
52874698119
52815219294
52529776462
52712409584
52460106121
50034169910
52462584421
52679580397
52234830775
44432113591
52857661434
51976583421
51732369897
50857415017
52332380338
52513538342
51068865848
52842718895
52835438747
52661054617
51664928532
53055449559
51766612185
52657123795
51821023046
50374731222
53051186446
51242699646
52842623039
52020150967
52100380620
49492493588
52495894072
52723816346
50652850544
53069712896
50928968113
52718305081
52665169495
32656622900
52343991604
52655386262
52694178266
52171790099
52650825581
52500829779
52297919089
52722096436
52529032583
52652599472
51434085948
51787674549
49094107816
52422789494
52702002240
52615077179
36962564116
52688851900
44189041895
53071208672
52824808266
52398058256
51638463293
52477439643
44739044049
51165514104
52660870474
52718393030
52644127975
49658068726
52696619137
53046018336
52212418531
52593829625
52650670917
47722424281
52701626437
52701170232
7401178301
51867287887
53062296668
49700589386
45268325773
52669333891
52882544013
53072848673
52526353600
17464441232
52648372947
52613743043
52859851048
52475223320
51618331918
53068537028
49366048456
53062337519
52500414039
52873024513
52520210453
52534168166
51126919344
49580772407
51171412482
51602623738
52848086093
51157301952
53061289664
37797092531
52246830608
52662934428
52878921785
52484374905
52687516147
51521817370
52713601396
35581125653
44734789657
11107384866
53056744775
52657102804
52453846364
48432890388
52633341275
50514493434
13226573175
52845678691
345936625
52698514286
51700744522
50814459498
53070816340
52873064544
52658910243
52879528013
52532344171
51251265957
45492897331
41184722872
52696130520
52497798288
52665605498
52689323986
52862868787
52864300197
51895821146
52866346548
50814525837
52862364967
52163383988
52640671851
52433432650
52214954586
52720520022
52673818165
52271419997
52847454327
51460664198
52506260631
52084207626
49027696735
52681828430
53073464377
52516560260
52699986597
52864522736
51654245725
52667398093
52292679441
48750911459
52512740300
53062697491
52857901232
48899055341
52654753616
52671085446
53073288578
47159023358
47352657299
52881928279
48685429045
52101993566
52665300493
52640071296
52866458227
52717056996
52871545549
52518208896
52296180986
8066690879
52643039845
52235919697
51133298138
52679064060
52439734537
51972036098
52867786221
52499797369
52301503525
52281387825
47735991418
52632108987
52690123343
51188214571
51916358846
52666773102
53045339337
52380298428
51024334675
51748398681
51206720426
52525706094
52527057750
52527984897
51295095592
52699537894
49022308505
47410960161
52839567468
52502893736
52836823840
52574989672
52578184796
52438111753
52299443234
30737029919
52864090054
52583214807
52638667794
52656174892
48361451902
49379495846
52517186600
52680004473
52719032609
52530912317
52399792011
52830053891
52256367402
53057953871
52665581557
52483511687
52293438088
52230732896
52691811015
51231059284
53060337737
41378734499
52524648087
52487079612
52251223781
52335338685
51225001345
46974574569
28750002638
52720528530
52704074074
52819655513
53049026783
53067369080
52859261043
53059609238
52665805797
49214446344
52815389893
52851309375
52273293427
52650401881
52299751562
44617457939
52834504146
51468761198
52661557410
53074160300
53057257904
52714225238
52516348244
47958725715
47148583548
52574612782
52294261272
50980529718
48823770992
52719880611
52859964987
52709273714
52503554211
52525289296
51972527845
48651428424
52568510338
50133501552
52503099250
53069193046
52660014680
48318990730
52833084787
51865764772
52698506599
52856732578
50831822891
52709865708
52624989264
52865362846
21168634433
52681692757
51684096096
52486495740
52302506000
51693110130
51601487359
52668333802
53042915748
52843530628
48849006017
44410612787
52655548384
52671357586
53058273178
51322238970
52840983238
49461107357
52477983690
31834254483
53052650200
50849731816
52839487350
52504036991
51912879521
52698314830
48769172712
52816398096
52141954163
52526376487
52804134643
52485447873
52435880589
47683277349
51334749750
52342189181
52502684696
52870386195
52519338242
52660428007
52707682137
53071016217
44587971447
52505725144
51682821145
52859421002
52835567742
53042219262
52461157327
52687475784
52351479048
27047747054
51277722033
52684308431
52652482823
53059425661
52179822942
52587786373
52678857195
52846478666
52883656079
51772999214
52026526037
48579006195
45087179362
52576999838
53049146422
52511716284
47664597254
52847681980
52485903606
52678836847
52418142311
49524317667
52509428988
52467125760
52714952850
50830954009
53059345737
52693609879
47833333172
52037909820
52840756935
53059489267
52858565223
52843071136
52303895389
52502180740
52496222386
52695393758
52721464600
52487620793
53041995827
52503346258
53052538537
52837919562
51632335106
50216008368
52595286724
52681698592
52698034060
44772804561
52687683334
46378052779
52457350142
49863578447
52659582540
52840903498
52866633200
51655145543
52216419993
52430286260
52876929930
52517642289
52535072049
52874513916
46446430139
51377066699
52136954140
29359979334
52843790831
52579774061
52227737398
52302199383
53049066424
52598582534
52831478765
52838149195
52695882771
51143178114
51947593793
52451426450
53075696225
52678924992
52228269637
52298655680
50797275994
52272003630
53067049330
52644295995
52683988438
52434045764
52665485967
52827245890
52582922024
53060168993
52724328019
52851941804
49719237044
52644623724
16359870359
46056178715
52612471015
52866715345
52841638775
50775508279
49969415294
52697418779
52102265558
52506164296
52624214290
51930559598
51776548140
52494126484
52514202679
51488041932
52655510842
37949245394
49788337286
51803670992
46084784913
52676780764
52653622934
52860084950
50577170220
51364652478
51604190722
52608859491
52852069844
48369047664
49486097485
52503061266
52496510228
52494294345
45624716102
52664397763
52519666407
52703434191
52504413646
52300662613
52166938038
49240535797
45451214338
52510812976
52512858689
49464432665
52520648744
52521914405
51429201847
32782843876
52522929882
52698858495
52491562677
53064113379
48629752692
52502949833
52299175784
52707298048
52294063984
53057601996
52466108344
52640389839
52521090142
52650522121
53054601238
52184892728
52658157758
51198443482
48048190556
52646703701
48533156546
50256602975
52679797036
52839610795
48839269621
52301383478
39413001267
53074112287
52838399600
52716296716
52239474016
51058653317
52653262597
52269472995
49108881541
51257485906
52672277166
50853715378
52484213693
51903951242
52281759615
53050970745
52720808647
52662405569
52486503835
52874649876
52649671681
52876432377
52675674885
52838503532
47090951881
51818088034
52850646048
51871254245
51018142676
52638535934
53042411759
51528533616
52510596194
53046027263
52863028645
52481205600
52707570012
53045298842
53054258341
52699354274
52504596993
52648977154
52519082289
52497142217
52837343519
50069524495
52689603771
52495078530
52144794710
52616662274
51431316546
52489063531
52844647080
52648498596
52667589810
44134512057
52858477333
52530120436
52698330687
48427748732
52496390536
52502869783
33975050100
52464815653
52479682026
52875153994
52877585549
52447940698
52500454239
51052919427
52674701117
52847478350
52519506439
52659886319
52878841744
52503677697
52840202642
52494014342
52663038407
52647551823
52646479927
52527616641
51744640706
52637222769
53045067425
48961484939
52863427898
52847254328
52562116746
45377120011
52842447293
52707449674
50064727570
52665989026
48433537610
52858381158
48351287284
52226950440
49057798576
52242887016
52825439884
52507413276
52506725383
52857852400
52528456631
52486823500
52679980596
52841831274
52672365608
52296855769
48824970137
52672666792
52253023908
52860292982
51723710093
52589532933
51758741222
52511308278
47684994003
52499829964
52515154642
53058745128
52521529968
52497622364
52169746934
52502661344
53053633335
52104691447
52502605680
52487858144
52503349864
52193004893
48340830817
45547545943
52615238812
19733471033
49104848772
50752099078
52665412702
52664878245
41414223950
52852413580
51445178593
52283693783
52597350510
48645031230
52853125629
46890781065
52527216648
52692059137
52685924150
50647763247
52691770943
52287437210
52875378024
52515067145
52699482020
52720864781
52486143847
52647767532
52670524649
52516626642
52523984272
53060401466
52881888388
52295351518
52673829623
52513722847
52496750089
48534220511
52867442737
52712905466
51971670173
51129980846
52508520591
52299879331
51014681775
52506141392
49392632162
52520138485
51781857918
51868141029
52611813639
52719944526
52302855336
45151628080
53072952276
51217743922
49081576961
52713225206
53066008735
52514164239
52521256588
52663388804
52269374884
51800697751
51299919702
52670061573
52407421431
51941406850
52654255286
51655931094
52857837279
48856882974
52234094432
52837326938
44223569193
52676291804
50374273731
52689499880
52644663975
52562979935
53059513787
52718360581
52698650617
